element vertex 108
element face 206
-0.138943 0.275622 2.217700
0.201439 0.193410 2.027836
0.201439 0.255069 2.027836
-0.308372 0.275622 2.217700
-0.138943 0.172857 2.217700
-0.419451 0.327005 -0.455010
-0.419451 0.121474 0.500256
-0.419451 0.327005 0.500256
-0.419451 0.121474 2.027836
-0.419451 0.327005 2.027836
-0.419451 0.327005 1.865485
0.215552 0.255069 1.865485
-0.419451 0.121474 1.865485
0.215552 0.193410 1.865485
-0.308372 0.172857 2.217700
0.057834 0.172857 1.649388
0.057834 0.275622 1.649388
-0.419451 0.121474 1.649388
-0.419451 0.327005 1.649388
0.056685 0.275622 1.545363
-0.419451 0.327005 1.410487
0.056685 0.172857 1.545363
-0.419451 0.121474 1.410487
0.265917 0.193410 1.444808
0.265917 0.255069 1.444808
-0.419451 0.121474 1.195230
-0.419451 0.327005 1.195230
-0.419451 0.327005 0.949452
0.281524 0.255069 1.283097
-0.419451 0.121474 0.949452
0.281524 0.193410 1.283097
0.040314 0.172857 1.036314
0.040314 0.275622 1.036314
-0.419451 0.121474 0.806132
-0.419451 0.327005 0.806132
-0.419451 0.327005 0.636855
0.049844 0.275622 0.900489
-0.419451 0.121474 0.636855
0.049844 0.172857 0.900489
0.057534 0.172857 0.762733
0.057534 0.275622 0.762733
0.111316 0.275622 -0.352768
-0.419451 0.121474 -0.455010
0.111316 0.172857 -0.352768
0.000000 0.433965 -0.336822
-0.163662 0.014514 -0.352941
0.000000 0.014514 -0.336822
-0.163662 0.433965 -0.352941
-0.321034 0.014514 -0.400680
-0.321034 0.433965 -0.400680
-0.466069 0.014514 -0.478203
-0.466069 0.433965 -0.478203
-0.593193 0.014514 -0.582531
-0.593193 0.433965 -0.582531
-0.697522 0.014514 -0.709655
-0.697522 0.433965 -0.709655
-0.775044 0.014514 -0.854690
-0.775044 0.433965 -0.854690
-0.822783 0.014514 -1.012063
-0.822783 0.433965 -1.012063
-0.838902 0.014514 -1.175724
-0.838902 0.433965 -1.175724
-0.822783 0.014514 -1.339386
-0.822783 0.433965 -1.339386
-0.775045 0.014514 -1.496758
-0.775045 0.433965 -1.496758
-0.697522 0.014514 -1.641793
-0.697522 0.433965 -1.641793
-0.593193 0.014514 -1.768918
-0.593193 0.433965 -1.768918
-0.466069 0.014514 -1.873246
-0.466069 0.433965 -1.873246
-0.321034 0.014514 -1.950769
-0.321034 0.433965 -1.950769
-0.163661 0.014514 -1.998507
-0.163661 0.433965 -1.998507
0.000000 0.014514 -2.014627
0.000000 0.433965 -2.014627
0.163662 0.014514 -1.998507
0.163662 0.433965 -1.998507
0.321034 0.014514 -1.950769
0.321034 0.433965 -1.950769
0.466069 0.014514 -1.873246
0.466069 0.433965 -1.873246
0.593194 0.014514 -1.768917
0.593194 0.433965 -1.768917
0.697522 0.014514 -1.641793
0.697522 0.433965 -1.641793
0.775045 0.014514 -1.496758
0.775045 0.433965 -1.496758
0.822783 0.014514 -1.339385
0.822783 0.433965 -1.339385
0.838902 0.014514 -1.175724
0.838902 0.433965 -1.175724
0.822783 0.014514 -1.012062
0.822783 0.433965 -1.012062
0.775044 0.014514 -0.854689
0.775044 0.433965 -0.854689
0.697521 0.014514 -0.709654
0.697521 0.433965 -0.709654
0.593193 0.014514 -0.582530
0.593193 0.433965 -0.582530
0.466068 0.014514 -0.478202
0.466068 0.433965 -0.478202
0.321033 0.014514 -0.400679
0.321033 0.433965 -0.400679
0.163660 0.014514 -0.352941
0.163660 0.433965 -0.352941
3 0 1 2
3 3 4 0
3 5 6 7
3 4 8 1
3 9 0 2
3 10 2 11
3 1 12 13
3 9 14 3
3 2 13 11
3 11 15 16
3 15 12 17
3 10 16 18
3 10 8 9
3 18 19 20
3 21 17 22
3 16 21 19
3 18 12 10
3 19 23 24
3 21 25 23
3 26 19 24
3 20 17 18
3 27 24 28
3 23 29 30
3 24 30 28
3 26 22 20
3 28 31 32
3 31 29 33
3 27 32 34
3 27 25 26
3 35 32 36
3 31 37 38
3 32 38 36
3 34 29 27
3 36 39 40
3 38 6 39
3 7 36 40
3 35 33 34
3 5 40 41
3 39 42 43
3 40 43 41
3 7 37 35
3 44 45 46
3 47 48 45
3 49 50 48
3 51 52 50
3 53 54 52
3 55 56 54
3 57 58 56
3 59 60 58
3 61 62 60
3 63 64 62
3 65 66 64
3 67 68 66
3 69 70 68
3 71 72 70
3 73 74 72
3 75 76 74
3 77 78 76
3 79 80 78
3 81 82 80
3 83 84 82
3 85 86 84
3 87 88 86
3 89 90 88
3 91 92 90
3 93 94 92
3 95 96 94
3 97 98 96
3 99 100 98
3 101 102 100
3 103 104 102
3 69 51 71
3 105 106 104
3 107 46 106
3 102 104 80
3 0 4 1
3 3 14 4
3 5 42 6
3 4 14 8
3 9 3 0
3 10 9 2
3 1 8 12
3 9 8 14
3 2 1 13
3 11 13 15
3 15 13 12
3 10 11 16
3 10 12 8
3 18 16 19
3 21 15 17
3 16 15 21
3 18 17 12
3 19 21 23
3 21 22 25
3 26 20 19
3 20 22 17
3 27 26 24
3 23 25 29
3 24 23 30
3 26 25 22
3 28 30 31
3 31 30 29
3 27 28 32
3 27 29 25
3 35 34 32
3 31 33 37
3 32 31 38
3 34 33 29
3 36 38 39
3 38 37 6
3 7 35 36
3 35 37 33
3 5 7 40
3 39 6 42
3 40 39 43
3 7 6 37
3 44 47 45
3 47 49 48
3 49 51 50
3 51 53 52
3 53 55 54
3 55 57 56
3 57 59 58
3 59 61 60
3 61 63 62
3 63 65 64
3 65 67 66
3 67 69 68
3 69 71 70
3 71 73 72
3 73 75 74
3 75 77 76
3 77 79 78
3 79 81 80
3 81 83 82
3 83 85 84
3 85 87 86
3 87 89 88
3 89 91 90
3 91 93 92
3 93 95 94
3 95 97 96
3 97 99 98
3 99 101 100
3 101 103 102
3 103 105 104
3 49 47 75
3 44 107 77
3 105 103 81
3 101 99 85
3 97 95 89
3 93 91 95
3 89 87 97
3 85 83 101
3 81 79 105
3 77 75 47
3 73 71 49
3 69 67 53
3 65 63 59
3 61 59 63
3 57 55 65
3 53 51 69
3 47 44 77
3 103 83 81
3 95 91 89
3 87 99 97
3 79 77 107
3 71 51 49
3 65 59 57
3 55 67 65
3 107 105 79
3 87 85 99
3 75 73 49
3 55 53 67
3 101 83 103
3 105 107 106
3 107 44 46
3 106 46 76
3 45 48 74
3 50 52 68
3 54 56 66
3 58 60 62
3 62 64 58
3 66 68 52
3 70 72 50
3 74 76 46
3 78 104 106
3 82 84 100
3 86 96 98
3 90 92 94
3 94 96 90
3 98 100 84
3 102 80 82
3 46 45 74
3 52 54 66
3 58 64 56
3 68 70 50
3 76 78 106
3 84 86 98
3 90 96 88
3 100 102 82
3 48 72 74
3 64 66 56
3 80 104 78
3 96 86 88
3 50 72 48
