element vertex 76
element face 148
-1.365429 -0.200000 -1.800000
-1.800000 -0.200000 -1.339364
-1.365429 -0.200000 -1.339364
-1.800000 -3.800000 -1.339364
-1.365429 -3.800000 -1.799999
-1.365429 -3.800000 -1.339364
1.799999 -3.800000 -1.339365
1.799999 -3.426133 -1.800001
1.799999 -3.426133 -1.339365
-1.800001 -3.426133 -1.799999
-1.365429 -3.426133 -1.799999
-1.800000 -3.800000 1.318861
-1.800000 -3.426133 1.800000
-1.800000 -3.426133 1.318861
-1.365428 -0.703844 1.800001
-1.799999 -0.200000 1.800001
-1.799999 -0.703844 1.800001
1.800000 -0.200000 1.800000
1.406679 -0.703844 1.800000
1.800000 -0.703844 1.800000
1.799999 -3.800000 -1.800001
1.406677 -3.426133 -1.800001
1.406677 -3.800000 -1.339365
1.800000 -0.200000 -1.800000
1.406678 -0.200000 -1.339364
1.800000 -0.200000 -1.339364
1.406679 -0.200000 1.800000
1.406677 -3.800000 -1.800001
1.406678 -0.200000 -1.800000
1.406678 -0.703844 -1.800000
1.406677 -3.426133 -1.562749
1.406678 -0.703844 -1.562749
1.406679 -3.426133 1.799999
-1.365428 -3.800000 1.800000
1.406679 -3.800000 1.799999
1.800000 -0.703844 -1.800000
1.800001 -3.426133 1.799999
1.800001 -3.800000 1.799999
-1.800000 -3.800000 1.800000
-1.799999 -0.703844 1.318862
-1.800000 -0.703844 -1.800000
-1.365429 -0.703844 -1.800000
1.800000 -0.703844 -1.339365
-1.800000 -0.200000 -1.800000
-1.799999 -0.200000 1.318862
-1.365428 -3.426133 1.800000
1.406679 -3.426133 1.542813
-1.365429 -3.426133 1.542813
1.800000 -0.703844 1.318861
1.800000 -0.200000 1.318861
1.586185 -0.703844 -1.339364
-1.800000 -0.703844 -1.339364
1.406679 -0.200000 1.318861
-1.365428 -0.200000 1.318862
-1.365429 -3.800000 1.318861
1.406679 -3.611544 1.318860
1.406679 -3.800000 1.318860
1.800001 -3.800000 1.318860
-1.800001 -3.800000 -1.799999
-1.800000 -3.426133 -1.339364
1.800001 -3.426133 1.318860
-1.365428 -0.200000 1.800001
-1.556971 -3.426133 -1.339364
-1.556971 -0.703844 -1.339364
-1.556971 -3.426133 1.318861
-1.556970 -0.703844 1.318862
-1.365429 -3.611544 1.318861
1.406677 -3.611544 -1.339365
-1.365429 -3.611544 -1.339364
1.406679 -0.703844 1.542813
-1.365428 -0.703844 1.542814
-1.365429 -0.703844 -1.562748
-1.365429 -3.426133 -1.562748
1.586186 -3.426133 1.318860
1.586186 -0.703844 1.318861
1.586185 -3.426133 -1.339365
3 0 1 2
3 3 4 5
3 6 7 8
3 4 9 10
3 11 12 13
3 14 15 16
3 17 18 19
3 20 21 7
3 22 20 6
3 23 24 25
3 26 14 18
3 27 10 21
3 5 27 22
3 28 2 24
3 29 30 31
3 32 33 34
3 7 29 35
3 36 34 37
3 33 12 38
3 13 16 39
3 10 40 41
3 8 35 42
3 42 23 25
3 41 43 0
3 39 15 44
3 35 28 23
3 29 0 28
3 45 46 47
3 19 32 36
3 14 12 45
3 40 1 43
3 48 25 49
3 48 50 42
3 9 51 40
3 52 2 53
3 54 55 56
3 25 52 49
3 56 6 57
3 58 59 9
3 57 8 60
3 54 3 5
3 2 44 53
3 53 15 61
3 33 11 54
3 37 60 36
3 34 57 37
3 17 52 26
3 33 56 34
3 52 61 26
3 36 48 19
3 19 49 17
3 51 44 1
3 13 62 59
3 3 13 59
3 63 64 65
3 59 63 51
3 39 64 13
3 39 63 65
3 66 67 55
3 5 66 54
3 22 68 5
3 56 67 22
3 69 47 46
3 14 69 18
3 45 70 14
3 18 46 32
3 30 71 31
3 10 30 21
3 41 72 10
3 29 71 41
3 73 50 74
3 60 74 48
3 8 73 60
3 42 75 8
3 0 43 1
3 3 58 4
3 6 20 7
3 4 58 9
3 11 38 12
3 14 61 15
3 17 26 18
3 20 27 21
3 22 27 20
3 23 28 24
3 26 61 14
3 27 4 10
3 5 4 27
3 28 0 2
3 29 21 30
3 32 45 33
3 7 21 29
3 36 32 34
3 33 45 12
3 13 12 16
3 10 9 40
3 8 7 35
3 42 35 23
3 41 40 43
3 39 16 15
3 35 29 28
3 29 41 0
3 45 32 46
3 19 18 32
3 14 16 12
3 40 51 1
3 48 42 25
3 48 74 50
3 9 59 51
3 52 24 2
3 54 66 55
3 25 24 52
3 56 22 6
3 58 3 59
3 57 6 8
3 54 11 3
3 2 1 44
3 53 44 15
3 33 38 11
3 37 57 60
3 34 56 57
3 17 49 52
3 33 54 56
3 52 53 61
3 36 60 48
3 19 48 49
3 51 39 44
3 13 64 62
3 3 11 13
3 63 62 64
3 59 62 63
3 39 65 64
3 39 51 63
3 66 68 67
3 5 68 66
3 22 67 68
3 56 55 67
3 69 70 47
3 14 70 69
3 45 47 70
3 18 69 46
3 30 72 71
3 10 72 30
3 41 71 72
3 29 31 71
3 73 75 50
3 60 73 74
3 8 75 73
3 42 50 75
