element vertex 76
element face 152
-2.104218 4.000000 -0.010000
-7.999997 4.000000 0.010000
-2.104216 4.000000 0.010000
-8.000000 -4.000000 0.010000
-2.104222 -4.000000 -0.010000
-2.104216 -4.000000 0.010000
8.000004 -4.000000 0.010000
7.999996 -1.815963 -0.010000
8.000003 -1.815963 0.010000
-8.000002 -1.815963 -0.010000
-2.104221 -1.815963 -0.010000
-7.999999 -1.815963 0.010000
-7.999999 -1.582489 0.010000
-2.104216 -1.582489 0.010000
2.041867 -1.582489 0.010000
2.041867 -1.815963 0.446333
2.041867 -1.815963 0.010000
2.041861 -4.000000 -0.010000
1.735239 -1.815963 -0.010000
2.041862 -1.815963 -0.010000
1.735245 -4.000000 0.010000
2.041868 -4.000000 0.010000
2.041866 4.000000 -0.010000
1.735243 4.000000 0.010000
2.041867 4.000000 0.010000
1.735244 -1.815963 0.446333
1.735244 -1.815963 0.010000
1.735238 -4.000000 -0.010000
-1.817240 -1.815963 -0.010000
-1.817241 -4.000000 -0.010000
1.735242 4.000000 -0.010000
-1.817235 4.000000 0.010000
-1.817240 -1.815963 -0.501932
-2.104216 4.000000 0.446333
-1.817237 4.000000 -0.010000
-2.104218 4.000000 -0.501932
-1.938712 3.622807 0.446333
-2.104216 -1.815963 0.010000
-8.000002 -1.582489 -0.010000
-8.000001 4.000000 -0.010000
-2.104221 -1.582489 -0.010000
8.000003 -1.582489 0.010000
8.000000 4.000000 -0.010000
8.000000 4.000000 0.010000
-1.938401 3.693518 -0.501932
1.856720 3.622807 0.446333
-2.104216 -1.582489 0.446333
-1.817235 -4.000000 0.010000
2.041862 -1.815963 -0.501932
-1.817235 -1.815963 0.010000
1.735239 -1.815963 -0.501932
2.041866 4.000000 -0.501932
1.856407 3.693518 -0.501932
7.999996 -1.582489 -0.010000
2.041862 -1.582489 -0.010000
7.999995 -4.000000 -0.010000
-1.817240 -1.582489 -0.280260
-1.938404 -1.772891 -0.501932
2.041862 -1.582489 -0.501932
-2.104221 -1.582489 -0.501932
-2.104221 -1.815963 -0.501932
1.856403 -1.772891 -0.501932
2.041867 -1.582489 0.446333
1.856721 -1.773382 0.446333
-1.817235 -1.582489 0.215748
-1.817235 4.000000 0.215748
-1.817235 -1.815963 0.446333
-1.938712 -1.773382 0.446333
-2.104216 -1.815963 0.446333
2.041867 4.000000 0.446333
1.735243 4.000000 0.215748
1.735244 -1.582489 0.215748
1.735239 -1.582489 -0.280260
-1.817237 4.000000 -0.280260
1.735242 4.000000 -0.280260
-8.000003 -4.000000 -0.010000
3 0 1 2
3 3 4 5
3 6 7 8
3 4 9 10
3 9 3 11
3 2 12 13
3 14 15 16
3 17 18 19
3 20 17 21
3 22 23 24
3 16 25 26
3 27 28 18
3 20 29 27
3 30 31 23
3 10 32 28
3 13 33 2
3 34 35 0
3 31 33 36
3 13 11 37
3 38 1 39
3 40 39 0
3 41 42 43
3 30 44 34
3 23 36 45
3 37 46 13
3 29 10 28
3 5 29 47
3 34 2 31
3 18 48 19
3 49 5 47
3 37 3 5
3 16 20 21
3 26 47 20
3 28 50 18
3 30 51 52
3 9 12 38
3 10 38 40
3 8 53 41
3 7 54 53
3 8 21 6
3 41 16 8
3 53 22 42
3 42 24 43
3 21 55 6
3 55 19 7
3 43 14 41
3 44 56 57
3 58 52 51
3 44 59 35
3 57 60 59
3 50 57 61
3 48 61 58
3 54 51 22
3 40 60 10
3 0 59 40
3 19 58 54
3 62 45 63
3 36 64 65
3 63 66 25
3 15 63 25
3 67 68 66
3 36 46 67
3 23 69 24
3 26 66 49
3 49 68 37
3 24 62 14
3 70 64 71
3 36 70 45
3 63 64 67
3 45 71 63
3 72 73 74
3 52 72 74
3 57 72 61
3 52 73 44
3 33 45 69
3 35 52 44
3 0 39 1
3 3 75 4
3 6 55 7
3 4 75 9
3 9 75 3
3 2 1 12
3 14 62 15
3 17 27 18
3 20 27 17
3 22 30 23
3 16 15 25
3 27 29 28
3 20 47 29
3 30 34 31
3 10 60 32
3 13 46 33
3 34 44 35
3 31 2 33
3 13 12 11
3 38 12 1
3 40 38 39
3 41 53 42
3 30 52 44
3 23 31 36
3 37 68 46
3 29 4 10
3 5 4 29
3 34 0 2
3 18 50 48
3 49 37 5
3 37 11 3
3 16 26 20
3 26 49 47
3 28 32 50
3 30 22 51
3 9 11 12
3 10 9 38
3 8 7 53
3 7 19 54
3 8 16 21
3 41 14 16
3 53 54 22
3 42 22 24
3 21 17 55
3 55 17 19
3 43 24 14
3 44 73 56
3 58 61 52
3 44 57 59
3 57 32 60
3 50 32 57
3 48 50 61
3 54 58 51
3 40 59 60
3 0 35 59
3 19 48 58
3 62 69 45
3 36 67 64
3 63 67 66
3 15 62 63
3 67 46 68
3 36 33 46
3 23 45 69
3 26 25 66
3 49 66 68
3 24 69 62
3 70 65 64
3 36 65 70
3 63 71 64
3 45 70 71
3 72 56 73
3 52 61 72
3 57 56 72
3 52 74 73
3 33 36 45
3 35 51 52
