element vertex 122
element face 248
-8.000000 -4.000000 0.010000
-8.000000 4.000000 -0.010000
-8.000000 -4.000000 -0.010000
8.000000 -4.000000 0.010000
7.001664 4.000000 0.010000
7.001664 -4.000000 0.010000
8.000000 -4.000000 -0.010000
8.000000 4.000000 0.010000
-6.968506 4.000000 -0.010000
-6.968506 -4.000000 -0.010000
8.000000 4.000000 -0.010000
7.001664 4.000000 -0.010000
-6.968506 -4.000000 0.010000
-0.017218 -4.000000 0.010000
-0.970364 -4.000000 -0.010000
-0.017218 -4.000000 -0.010000
-1.966455 4.000000 0.010000
-0.970364 4.000000 -0.010000
-1.966455 4.000000 -0.010000
-0.017218 4.000000 -0.010000
-0.970364 -4.000000 0.010000
-1.966455 -4.000000 0.010000
-8.000000 4.000000 0.010000
-5.996430 -4.000000 0.010000
-5.996430 -4.000000 -0.010000
-5.996430 4.000000 -0.010000
-0.017218 4.000000 0.010000
-0.017218 -4.000000 -0.219772
6.003328 4.000000 0.010000
7.001664 3.999889 0.232589
-6.968506 4.000000 0.010000
-3.982690 -4.000000 0.010000
-5.021418 -4.000000 -0.010000
-3.982690 -4.000000 -0.010000
-3.982690 4.000000 -0.010000
-3.007138 -4.000000 0.010000
-3.007138 3.999889 0.232589
-3.007138 4.000000 0.010000
-5.996430 4.000000 0.010000
-5.021418 4.000000 -0.010000
-3.007138 4.000000 -0.010000
-3.007138 -4.000000 -0.010000
-5.021418 4.000000 0.010000
-5.021418 -4.000000 0.010000
-1.966455 -4.000000 -0.010000
-1.966455 4.000000 -0.219772
-3.982690 4.000000 0.010000
-0.017218 3.999889 0.232589
-1.966455 -4.000000 -0.219772
-1.966455 -4.000000 -0.239772
4.006656 -4.000000 -0.010000
5.004992 4.000000 -0.010000
5.004992 -4.000000 -0.010000
5.004992 -4.000000 0.010000
3.028080 4.000000 0.010000
4.006655 4.000000 -0.010000
3.028080 4.000000 -0.010000
4.006656 3.999889 0.232589
4.006656 4.000000 0.010000
-0.970364 4.000000 0.010000
3.028080 -4.000000 -0.239772
3.028080 -4.000000 -0.010000
-1.966455 4.000000 -0.239772
2.049504 -4.000000 0.010000
1.034098 -4.000000 -0.010000
2.049504 -4.000000 -0.010000
2.049504 4.000000 -0.010000
6.003327 -4.000111 0.232589
6.003327 -4.000000 0.010000
1.034097 4.000000 -0.010000
3.028080 -4.000000 0.010000
1.034098 4.000000 0.010000
1.034097 -4.000000 0.010000
4.006655 -4.000000 0.010000
7.001664 4.000000 -0.219772
2.049504 4.000000 0.010000
6.003328 -4.000000 -0.010000
7.001664 -4.000000 -0.010000
-5.996430 4.000000 -0.239772
5.004992 4.000000 0.010000
6.003327 4.000000 -0.010000
7.001664 -4.000111 0.232589
-5.021418 -4.000111 0.232589
-5.996430 -4.000111 0.212589
-5.021418 -4.000111 0.212589
-5.996430 3.999889 0.232589
-5.996430 -4.000111 0.232589
-1.966455 -4.000111 0.232589
-3.007138 -4.000111 0.232589
4.006655 -4.000111 0.232589
3.028080 3.999889 0.232589
3.028080 -4.000111 0.232589
1.034097 -4.000111 0.232589
-0.017218 -4.000111 0.232589
6.003328 3.999889 0.232589
4.006656 -4.000111 0.212589
-1.966455 3.999889 0.232589
-3.007138 3.999889 0.212589
-5.021418 3.999889 0.232589
1.034098 3.999889 0.232589
-5.996430 -4.000000 -0.239772
-5.021418 4.000000 -0.239772
-5.021418 -4.000000 -0.239772
-3.007138 -4.000000 -0.239772
-3.007138 4.000000 -0.219772
-3.007138 4.000000 -0.239772
-0.017218 -4.000000 -0.239772
1.034097 4.000000 -0.239772
1.034098 -4.000000 -0.239772
1.034097 -4.000000 -0.219772
4.006655 4.000000 -0.239772
4.006656 -4.000000 -0.239772
6.003328 -4.000000 -0.239772
7.001664 4.000000 -0.239772
7.001664 -4.000000 -0.239772
-0.017218 4.000000 -0.219772
3.028080 4.000000 -0.239772
6.003327 4.000000 -0.239772
-0.017218 4.000000 -0.239772
4.006655 -4.000000 -0.219772
4.006656 4.000000 -0.219772
7.001664 -4.000000 -0.219772
3 0 1 2
3 3 4 5
3 6 7 3
3 2 8 9
3 4 10 11
3 12 2 9
3 13 14 15
3 16 17 18
3 14 19 15
3 20 16 21
3 12 22 0
3 22 8 1
3 23 9 24
3 9 25 24
3 26 27 13
3 28 29 4
3 23 30 12
3 30 25 8
3 31 32 33
3 32 34 33
3 35 36 37
3 38 39 25
3 33 40 41
3 35 33 41
3 31 42 43
3 42 34 39
3 21 41 44
3 21 45 16
3 35 46 31
3 46 40 34
3 44 17 14
3 20 44 14
3 13 47 26
3 44 48 49
3 50 51 52
3 53 50 52
3 54 55 56
3 54 57 58
3 13 59 20
3 59 19 17
3 56 60 61
3 44 62 18
3 63 64 65
3 64 66 65
3 5 67 68
3 26 69 19
3 65 56 61
3 70 65 61
3 63 71 72
3 71 66 69
3 73 61 50
3 5 74 4
3 70 75 63
3 75 56 66
3 5 76 77
3 39 78 25
3 79 80 51
3 68 79 53
3 53 58 73
3 58 51 55
3 68 52 76
3 52 80 76
3 77 10 6
3 3 77 6
3 28 11 80
3 5 29 81
3 82 83 84
3 82 85 86
3 87 36 88
3 89 90 91
3 92 47 93
3 81 94 67
3 73 95 89
3 21 96 87
3 37 97 36
3 38 98 42
3 21 88 35
3 73 57 89
3 72 99 92
3 73 91 70
3 32 83 24
3 26 99 71
3 37 96 16
3 70 90 54
3 72 93 13
3 43 84 32
3 23 83 86
3 68 94 28
3 23 85 38
3 43 98 82
3 100 101 102
3 103 62 49
3 104 62 105
3 106 107 108
3 109 106 108
3 60 110 111
3 112 113 114
3 16 62 45
3 16 104 37
3 19 115 26
3 32 101 39
3 41 49 44
3 19 106 15
3 55 116 56
3 15 27 13
3 40 103 41
3 13 109 72
3 76 114 77
3 24 102 32
3 11 117 80
3 69 118 19
3 50 110 55
3 25 100 24
3 40 104 105
3 80 112 76
3 50 119 111
3 55 120 58
3 77 113 11
3 64 109 108
3 73 120 58
3 77 121 114
3 64 107 69
3 61 111 50
3 11 74 113
3 0 22 1
3 3 7 4
3 6 10 7
3 2 1 8
3 4 7 10
3 12 0 2
3 13 20 14
3 16 59 17
3 14 17 19
3 20 59 16
3 12 30 22
3 22 30 8
3 23 12 9
3 9 8 25
3 26 115 27
3 28 94 29
3 23 38 30
3 30 38 25
3 31 43 32
3 32 39 34
3 35 88 36
3 38 42 39
3 33 34 40
3 35 31 33
3 31 46 42
3 42 46 34
3 21 35 41
3 21 48 45
3 35 37 46
3 46 37 40
3 44 18 17
3 20 21 44
3 13 93 47
3 44 21 48
3 50 55 51
3 53 73 50
3 54 58 55
3 54 90 57
3 13 26 59
3 59 26 19
3 56 116 60
3 44 49 62
3 63 72 64
3 64 69 66
3 5 81 67
3 26 71 69
3 65 66 56
3 70 63 65
3 63 75 71
3 71 75 66
3 73 70 61
3 5 121 74
3 70 54 75
3 75 54 56
3 5 68 76
3 39 101 78
3 79 28 80
3 68 28 79
3 53 79 58
3 58 79 51
3 68 53 52
3 52 51 80
3 77 11 10
3 3 5 77
3 28 4 11
3 5 4 29
3 82 86 83
3 82 98 85
3 87 96 36
3 89 57 90
3 92 99 47
3 81 29 94
3 73 50 95
3 21 16 96
3 37 40 97
3 38 85 98
3 21 87 88
3 73 58 57
3 72 71 99
3 73 89 91
3 32 84 83
3 26 47 99
3 37 36 96
3 70 91 90
3 72 92 93
3 43 82 84
3 23 24 83
3 68 67 94
3 23 86 85
3 43 42 98
3 100 78 101
3 103 105 62
3 104 45 62
3 106 118 107
3 109 27 106
3 60 116 110
3 112 117 113
3 16 18 62
3 16 45 104
3 19 118 115
3 32 102 101
3 41 103 49
3 19 118 106
3 55 110 116
3 15 106 27
3 40 105 103
3 13 27 109
3 76 112 114
3 24 100 102
3 11 113 117
3 69 107 118
3 50 111 110
3 25 78 100
3 40 37 104
3 80 117 112
3 50 73 119
3 55 110 120
3 77 114 113
3 64 72 109
3 73 119 120
3 77 5 121
3 64 108 107
3 61 60 111
3 11 4 74
