element vertex 16
element face 8
-8.000000 4.000000 0.000000
0.000000 4.000000 8.000000
0.000000 4.000000 0.000000
-8.000000 4.000000 8.000000
-8.000000 4.000000 -8.000000
0.000000 4.000000 0.000000
0.000000 4.000000 -8.000000
-8.000000 4.000000 0.000000
0.000000 4.000000 0.000000
8.000000 4.000000 8.000000
8.000000 4.000000 0.000000
0.000000 4.000000 8.000000
0.000000 4.000000 -8.000000
8.000000 4.000000 0.000000
8.000000 4.000000 -8.000000
0.000000 4.000000 0.000000
3 2 1 0
3 1 3 0
3 6 5 4
3 5 7 4
3 10 9 8
3 9 11 8
3 14 13 12
3 13 15 12
